x
-1 1
1 0.33700000000000013 9.999000000000008
2 0.005252935946380647 0.7696372427790646
3 0.2 1.7260000000000013
4 -0.12689712889238447 0.15688941966012376
5 7.796351266024034e-06 0.6328135534936805
6 0.00036478743092952865 0.4330554449700666
7 0.2 1.7330000000000012
8 -0.12820706713784044 0.14568587025214041
9 7.222073630367175e-06 0.6333722824607028
10 0.00033923073860106794 0.4327206391887309
11 0.2 1.613000000000001
12 -0.11331356147047485 0.07742117303068108
13 7.558904387997801e-06 0.6139379285311346
14 0.00030520421338486295 0.485820631145284
15 0.2 1.6200000000000012
16 -0.12041994558452698 0.07565007259117677
17 7.156979874797244e-06 0.6150579233195416
18 0.00030228041311592513 0.4905185285659344
19 0.2 2.9220000000000024
20 -0.403784937318783 0.03966396126439255
21 1.740410078699259e-05 0.8857616684938513
22 1.0770920138540477e-05 0.27510442778891575
23 0.2 1.8970000000000014
24 -0.08643788660389223 0.45255801239487664
25 1.433310340109414e-05 0.17520264914489472
26 2.0474589438917063e-05 0.9021481866439077
27 0.2 1.9020000000000015
28 -0.449772736244287 0.039265371956861875
29 0.0004235157714424166 1.1399558757017865
30 1.4714030928018493e-05 0.3055346900861203
31 0.46400000000000025 3.188000000000003
32 0.006185470417375319 0.6408307029719386
33 0.2 1.0360000000000007
34 -0.04245882890326101 0.15197089015300616
35 6.526216469802457e-07 0.36702224330246636
36 0.0005130571637116474 0.33644555129725007
37 0.2 1.0370000000000008
38 -0.06644966365454068 0.14399840654246363
39 6.486221056507091e-07 0.37256363574234064
40 0.0004769840007700832 0.33857969272706734
41 0.2 0.9880000000000007
42 -0.09664973660453462 0.07679639778135128
43 1.119497421137332e-06 0.44558037655813365
44 0.0004316625901133916 0.306085063786217
45 0.2 0.9880000000000007
46 -0.08611022468916418 0.0770404724547559
47 1.0783983921048485e-06 0.4418001448678439
48 0.0004279419483067057 0.30635662082520987
49 0.2 0.9510000000000007
50 -0.35434213653712576 0.03363169456189843
51 3.0153825844526154e-05 0.7616414184088249
52 6.9796171038890415e-06 0.16516638335034936
53 0.2 0.9480000000000006
54 -0.07668559752654601 0.3191872550262597
55 4.54121262006345e-05 0.1690069443014622
56 3.760352042495798e-05 0.7387228907204721
57 0.2 0.9100000000000006
58 -0.40360812942531066 0.07264378915458641
59 0.00010476411832632739 0.9365612398370888
60 2.756831216914308e-06 0.20180912938587045
