x
-1 1
1 0.33800000000000013 9.999000000000008
2 0.017203696000592673 0.806612162618824
3 0.23600000000000004 1.6420000000000012
4 -0.12388386924463221 0.20293268609050755
5 0.00015532528826871786 0.7122981812258157
6 0.001271504995712818 0.4702566966509062
7 0.24400000000000005 1.6410000000000011
8 -0.12358627169764735 0.17908309361409971
9 0.000152143989946415 0.7104558345540907
10 0.0011742978281729648 0.4709842227694439
11 0.24900000000000005 1.5550000000000013
12 -0.13568982124975992 0.10085786029314503
13 0.0001742816344697148 0.6841734434410736
14 0.0011032420243138146 0.5341735975169458
15 0.25800000000000006 1.561000000000001
16 -0.14340909295433132 0.1004862151318362
17 0.00017889444130585647 0.6856962401534779
18 0.001055405969596528 0.5365079346697901
19 0.22800000000000004 10.000000000000007
20 -0.2656547342582687 0.4380076754983329
21 6.77767230492273e-05 0.70774129934605
22 0.0012947957390050746 0.7125785200661561
23 0.23100000000000004 10.000000000000007
24 1.2065400233477708e-05 0.44175541895786513
25 9.421032794557503e-05 0.7075795421474141
26 0.001257220926367942 0.7141859297551608
27 0.21200000000000002 10.000000000000007
28 -0.1818175711174991 0.44018563656587845
29 9.49552833011307e-05 0.7070789062910257
30 0.0012928822865126872 0.714891465717727
31 0.47100000000000025 3.263000000000003
32 0.012776776435767485 0.7032162638926965
33 0.21800000000000003 1.0460000000000007
34 -0.09478774170953186 0.1871759878312108
35 1.5449998666812628e-05 0.44205641108481986
36 0.0012462152883797096 0.4080795492712332
37 0.22200000000000003 1.0420000000000007
38 -0.115768509285851 0.16268079759992354
39 1.558057351312567e-05 0.4442499481413937
40 0.001351818538325079 0.4025698101182567
41 0.22800000000000004 0.9960000000000007
42 -0.11720406391494109 0.09831157771646616
43 2.9652218819295593e-05 0.5318220247987092
44 0.0011032149526925212 0.369681428749225
45 0.22800000000000004 0.9900000000000007
46 -0.12244153232921613 0.09864692397789973
47 2.7739117469000666e-05 0.5298546752227379
48 0.0010989185364214905 0.37055675764722285
49 0.21900000000000003 0.9290000000000007
50 -0.19053746735800536 0.4393423030537
51 5.653863806131518e-06 0.6399974460781125
52 0.0014145137975814794 0.5606302938158044
53 0.22000000000000003 0.9240000000000006
54 -0.0033334123002902506 0.44665118457966463
55 2.092731653851125e-05 0.5266118538804226
56 0.0014128416517527795 0.5729244165489049
57 0.22900000000000004 0.9270000000000007
58 -0.1066888454345843 0.44230057811492407
59 1.609337414912427e-05 0.5314147868626103
60 0.0014207715784518224 0.5660525795703659
